[(54, 28944.105018074057), (60, 28738.31624251377), (53, 29153.002546727406), (48, 30475.550642849084), (50, 30075.903924610288), (52, 29782.333216228082)], 3696764.4752931306
[(49, 30031.578812952055), (46, 32325.77620568854), (63, 28958.962748981674), (48, 30364.28264537518), (51, 29866.089749152277), (52, 29522.809166481067), (54, 29030.95918894566), (47, 31220.55036898326)], 3824354.270659101
[(53, 29006.65401107906), (51, 29558.698422406134), (52, 29465.499844761816), (49, 30167.690406557078), (46, 30398.895358822436), (50, 29997.46287338754)], 3826301.2238557045
[(61, 29361.63901764407), (50, 29447.639723979722), (51, 29415.279079108397), (56, 29401.104279520416), (48, 29961.739135192696), (62, 29213.813041390316)], 3677060.430622015
[(54, 29388.511624528073), (49, 30443.45111711748), (55, 29069.315760146084), (44, 30857.723228209943), (51, 29710.352621820395), (53, 29700.498626420725), (48, 30690.46012183121)], 3958362.8200299307
[(52, 29222.20220217951), (47, 30223.236218788756), (51, 29465.671074087673), (48, 29700.644973187238), (44, 31245.907700816755)], 3954805.728980495
[(57, 29471.026999950747), (47, 29679.01002158295), (54, 29553.733196065987)], 3736331.5692628394
[(61, 29252.390146393765), (54, 29534.760114576096), (53, 29558.610596959115), (56, 29346.867730182224), (58, 29284.20043436118), (47, 31972.111209919865), (48, 31031.190247499326), (50, 29694.55509986195), (49, 29789.73869909876)], 3742105.61124498
[(56, 29508.52427002203), (57, 29034.024912775476), (52, 29590.70758683108), (50, 29600.113792202104), (49, 30298.018538103337), (48, 30490.07262378063)], 3683677.25538702
[(46, 31110.68662206424), (53, 29508.460525621038), (55, 29032.557794326345), (49, 29896.52769668629), (52, 29546.003022897723), (50, 29781.48286314159), (47, 31054.861731217523)], 3822292.0716737057
[(56, 29042.354062187955), (53, 29586.402192026006), (46, 30917.931183434473), (48, 30685.72618822526), (49, 29592.294032890415), (54, 29410.229748372836)], 3822838.7948883027
[(50, 29333.33668405028), (48, 30360.14791017403), (47, 30467.590528380435), (55, 29324.603467504785)], 3742538.2741933046
[(57, 29296.27212191447), (48, 30138.774766455255), (56, 29365.003322437802), (49, 29838.631463414695), (45, 31822.187904023325), (46, 30446.852227839838), (52, 29774.62892795336), (53, 29376.072262046233)], 3880621.8882047455
[(49, 30447.302101889112), (59, 29067.11085783213), (56, 29160.946556731244), (50, 29941.737363631597), (47, 31418.732472301886), (51, 29777.154838683593), (52, 29422.861771398588), (53, 29276.20600562387)], 3750510.4761216105
[(55, 29420.015064915497), (56, 29195.20024748757), (47, 30852.00729289501), (51, 29707.109176055696), (50, 29842.19659686829), (48, 29943.970071347376), (54, 29662.258698974787)], 3746625.4437860316
[(50, 28899.08842395242), (57, 28741.79868791976), (46, 31498.885874387266), (47, 30740.628578766216), (49, 30532.658882565556)], 3838296.235537298
[(55, 29149.113554757387), (51, 29954.851386062193), (54, 29440.15950059871), (47, 31938.36307040085), (49, 30137.183223554297), (53, 29553.299121910975), (56, 28956.969029662825), (48, 31357.462572417946)], 3754270.895655517
[(43, 31990.111282078757), (58, 29095.147183016084), (53, 29138.19670791615), (49, 29138.87390203365), (56, 29109.89110379484), (47, 31042.221033111888), (48, 30956.702558499233)], 4025854.5816539256
[(47, 31257.121684323218), (46, 31850.612266697815), (52, 29256.526347675248), (51, 29581.06312472339), (48, 29764.544418221896)], 3813704.304981178
[(46, 30012.510597459877), (52, 28996.475872640094), (49, 29963.953264372984)], 3828239.766527777
[(46, 30422.989830497652), (54, 28833.289629952913), (50, 29372.901291890706)], 3834485.112532613
[(55, 29105.616454147246), (48, 30405.489856260032), (49, 29325.075128828983), (56, 29056.403446732154)], 3686056.691260404
[(48, 30811.725679363863), (52, 29460.32107556109), (55, 29272.214131633074), (50, 29929.049373289145), (60, 29088.71899808021), (47, 33579.36713870548), (49, 30270.723775320173)], 3747189.2908519753
[(58, 29045.710413775738), (57, 29279.062986557234), (45, 29390.833141145555)], 3898111.1019411148
[(47, 30697.84090929666), (48, 30304.343129603145), (50, 29983.657537678333), (52, 29557.225618425415), (54, 29093.11430191779), (53, 29486.138506026593), (49, 30101.130390307313), (59, 28945.37412671352)], 3757660.095666141
[(52, 29221.096384730034), (48, 31810.24939872287), (47, 31928.577504951576), (50, 29784.883072678313), (51, 29278.723717803005), (49, 29834.722923839938), (57, 28753.018029711493)], 3764877.5861807596
[(50, 29419.589777152578), (51, 29363.47682009318), (47, 31378.179263593775), (46, 32133.783703864425), (49, 30115.02250516467), (48, 31311.168319704364)], 3806831.892245955
[(59, 29249.452992356768), (47, 32149.410081251634), (62, 29230.17389061774), (48, 30451.31911046926), (50, 29923.94779597289), (55, 29505.17292205646), (56, 29388.291716373948), (57, 29367.61765704584), (52, 29900.928731383003), (54, 29666.656261147647)], 3741507.8756088843
[(48, 30148.478347758573), (46, 31010.004072716907), (57, 29270.851170377286), (49, 29840.78403398878), (55, 29350.491312598446), (50, 29513.821262369765), (54, 29351.8926876194)], 3813235.9687843006
[(47, 30597.856968266602), (53, 29234.324452152767), (51, 29363.247305863544), (54, 29179.61922523736), (50, 30058.24453793412)], 3747924.8811324676
