[(54, 28944.105018074057), (60, 28738.31624251377), (53, 29153.002546727406), (48, 30475.550642849084), (50, 30075.903924610288), (52, 29782.333216228082)], 3696764.4752931306
[(49, 30031.578812952055), (46, 32325.77620568854), (63, 28958.962748981674), (48, 30364.28264537518), (51, 29866.089749152277), (52, 29522.809166481067), (54, 29030.95918894566), (47, 31220.55036898326)], 3824354.270659101
[(53, 29006.65401107906), (51, 29558.698422406134), (52, 29465.499844761816), (49, 30167.690406557078), (46, 30398.895358822436), (50, 29997.46287338754)], 3826301.2238557045
[(61, 29361.63901764407), (50, 29447.639723979722), (51, 29415.279079108397), (56, 29401.104279520416), (48, 29961.739135192696), (62, 29213.813041390316)], 3677060.430622015
[(54, 29388.511624528073), (49, 30443.45111711748), (55, 29069.315760146084), (44, 30857.723228209943), (51, 29710.352621820395), (53, 29700.498626420725), (48, 30690.46012183121)], 3958362.8200299307
[(52, 29222.20220217951), (47, 30223.236218788756), (51, 29465.671074087673), (48, 29700.644973187238), (44, 31245.907700816755)], 3954805.728980495
[(57, 29471.026999950747), (47, 29679.01002158295), (54, 29553.733196065987)], 3736331.5692628394
[(61, 29252.390146393765), (54, 29534.760114576096), (53, 29558.610596959115), (56, 29346.867730182224), (58, 29284.20043436118), (47, 31972.111209919865), (48, 31031.190247499326), (50, 29694.55509986195), (49, 29789.73869909876)], 3742105.61124498
[(56, 29508.52427002203), (57, 29034.024912775476), (52, 29590.70758683108), (50, 29600.113792202104), (49, 30298.018538103337), (48, 30490.07262378063)], 3683677.25538702
[(46, 31110.68662206424), (53, 29508.460525621038), (55, 29032.557794326345), (49, 29896.52769668629), (52, 29546.003022897723), (50, 29781.48286314159), (47, 31054.861731217523)], 3822292.0716737057
[(56, 29042.354062187955), (53, 29586.402192026006), (46, 30917.931183434473), (48, 30685.72618822526), (49, 29592.294032890415), (54, 29410.229748372836)], 3822838.7948883027
[(50, 29333.33668405028), (48, 30360.14791017403), (47, 30467.590528380435), (55, 29324.603467504785)], 3742538.2741933046
[(57, 29296.27212191447), (48, 30138.774766455255), (56, 29365.003322437802), (49, 29838.631463414695), (45, 31822.187904023325), (46, 30446.852227839838), (52, 29774.62892795336), (53, 29376.072262046233)], 3880621.8882047455
[(49, 30447.302101889112), (59, 29067.11085783213), (56, 29160.946556731244), (50, 29941.737363631597), (47, 31418.732472301886), (51, 29777.154838683593), (52, 29422.861771398588), (53, 29276.20600562387)], 3750510.4761216105
[(55, 29420.015064915497), (56, 29195.20024748757), (47, 30852.00729289501), (51, 29707.109176055696), (50, 29842.19659686829), (48, 29943.970071347376), (54, 29662.258698974787)], 3746625.4437860316
[(50, 28899.08842395242), (57, 28741.79868791976), (46, 31498.885874387266), (47, 30740.628578766216), (49, 30532.658882565556)], 3838296.235537298
[(55, 29149.113554757387), (51, 29954.851386062193), (54, 29440.15950059871), (47, 31938.36307040085), (49, 30137.183223554297), (53, 29553.299121910975), (56, 28956.969029662825), (48, 31357.462572417946)], 3754270.895655517
[(43, 31990.111282078757), (58, 29095.147183016084), (53, 29138.19670791615), (49, 29138.87390203365), (56, 29109.89110379484), (47, 31042.221033111888), (48, 30956.702558499233)], 4025854.5816539256
[(47, 31257.121684323218), (46, 31850.612266697815), (52, 29256.526347675248), (51, 29581.06312472339), (48, 29764.544418221896)], 3813704.304981178
[(46, 30012.510597459877), (52, 28996.475872640094), (49, 29963.953264372984)], 3828239.766527777
[(46, 30422.989830497652), (54, 28833.289629952913), (50, 29372.901291890706)], 3834485.112532613
[(55, 29105.616454147246), (48, 30405.489856260032), (49, 29325.075128828983), (56, 29056.403446732154)], 3686056.691260404
[(48, 30811.725679363863), (52, 29460.32107556109), (55, 29272.214131633074), (50, 29929.049373289145), (60, 29088.71899808021), (47, 33579.36713870548), (49, 30270.723775320173)], 3747189.2908519753
[(58, 29045.710413775738), (57, 29279.062986557234), (45, 29390.833141145555)], 3898111.1019411148
[(47, 30697.84090929666), (48, 30304.343129603145), (50, 29983.657537678333), (52, 29557.225618425415), (54, 29093.11430191779), (53, 29486.138506026593), (49, 30101.130390307313), (59, 28945.37412671352)], 3757660.095666141
[(52, 29221.096384730034), (48, 31810.24939872287), (47, 31928.577504951576), (50, 29784.883072678313), (51, 29278.723717803005), (49, 29834.722923839938), (57, 28753.018029711493)], 3764877.5861807596
[(50, 29419.589777152578), (51, 29363.47682009318), (47, 31378.179263593775), (46, 32133.783703864425), (49, 30115.02250516467), (48, 31311.168319704364)], 3806831.892245955
[(59, 29249.452992356768), (47, 32149.410081251634), (62, 29230.17389061774), (48, 30451.31911046926), (50, 29923.94779597289), (55, 29505.17292205646), (56, 29388.291716373948), (57, 29367.61765704584), (52, 29900.928731383003), (54, 29666.656261147647)], 3741507.8756088843
[(48, 30148.478347758573), (46, 31010.004072716907), (57, 29270.851170377286), (49, 29840.78403398878), (55, 29350.491312598446), (50, 29513.821262369765), (54, 29351.8926876194)], 3813235.9687843006
[(47, 30597.856968266602), (53, 29234.324452152767), (51, 29363.247305863544), (54, 29179.61922523736), (50, 30058.24453793412)], 3747924.8811324676
[(51, 29669.52022601832), (47, 30722.25138006069), (53, 29348.527642952213), (50, 29999.5701503273), (52, 29642.226840168176), (49, 30131.413983609098), (59, 28767.87440541103)], 3763538.7495601904
[(48, 30050.63712912373), (50, 30002.20159447501), (51, 28730.870000716804), (47, 31162.68415265559)], 3770921.2099594986
[(48, 31093.614380672014), (50, 30475.32366128551), (47, 31347.528491246132), (54, 29714.439423130098), (53, 29732.5544191747), (55, 29546.751128436874), (57, 29138.651097383976), (51, 29874.402026383013), (49, 30505.501513273422), (45, 33653.38870825254)], 3878019.9571975623
[(50, 30020.166159278084), (46, 30980.27967941318), (49, 30125.466617931193), (51, 28954.766505205975)], 3828129.9694294585
[(53, 29868.706381756372), (54, 29254.02048664754), (46, 30024.78451965254), (58, 28955.766263821213)], 3826799.5369535945
[(47, 30415.440740921313), (49, 30161.633824565746), (50, 29886.071858426923), (52, 29168.736711073958), (58, 28953.123110728295)], 3758191.7500597057
[(49, 28922.44237591902), (46, 31450.344581798592), (47, 30496.325691501264)], 3832512.442863329
[(53, 28792.581109404142), (49, 29852.807355895606), (51, 29651.780988820337), (46, 30559.48646737283), (52, 29503.180480845545)], 3836209.65227443
[(51, 30026.819636812623), (46, 31032.83689489619), (53, 28842.901329056185), (47, 30109.65805686245)], 3832858.529138388
[(48, 30539.66230562823), (55, 29122.914280203935), (50, 29989.04691317373), (51, 29764.921778431526), (46, 32074.112054157493), (52, 29482.450989672074)], 3816039.9870106303
[(47, 31613.431934424552), (49, 29233.9043007435), (48, 30534.461641415615), (58, 29081.558718757336)], 3753321.50152966
[(52, 29549.94841995222), (47, 29778.812220800333), (46, 31197.1933998352), (55, 29097.67658627104), (50, 29696.73523918385)], 3822027.6078173425
[(53, 29545.065519259202), (57, 29358.386204830844), (46, 31084.105672820424), (54, 29455.534481505536), (45, 31169.223467356187), (58, 29103.54995594193), (55, 29405.209243400008), (47, 30610.442715936566), (49, 29605.0942113571)], 3888586.9057405656
[(49, 28925.24155861726), (48, 29974.12029446337), (46, 30184.618639335567)], 3834469.322937385
[(52, 29559.8928022437), (49, 29771.300185553027), (48, 30232.657764831805), (56, 29266.440299570546), (47, 30871.023439151348)], 3743619.473849279
[(47, 30501.181346055157), (48, 29628.807948779737), (53, 29620.15465638902), (54, 29270.946350271897), (46, 30512.349105909823), (61, 29122.007758977372), (57, 29179.970864867468)], 3820931.2500373446
[(48, 29787.66120665209), (54, 29350.14455987612), (57, 29093.31033637531), (47, 31353.448283769056), (55, 29159.369517951425), (46, 31953.072871853547), (52, 29660.396625477177)], 3819540.812706897
[(51, 29380.876917595477), (48, 29851.858096612305), (56, 29059.69983183721), (53, 29317.14126388663), (57, 28802.014849379706), (46, 32562.0411572076), (54, 29233.80856519837), (55, 29216.072708675463), (47, 31804.68844535718)], 3832002.5813794825
[(51, 29910.868373382717), (53, 29734.57673517251), (46, 32264.798622993578), (52, 29834.938373440156), (54, 29501.96666223903), (50, 30158.179626189223), (48, 31096.850855775654), (56, 29361.952945769746), (49, 30441.288093077008), (58, 29190.152526882328)], 3810579.4553519
[(45, 30911.418562442712), (52, 28787.547343110757), (48, 30543.775410846465), (49, 30105.93462914339), (50, 29367.9455092681)], 3906077.8707848294
200 individuoes, 50 interação por resultados (Ordenar o vetor de clientes em cada PA por distancia)
