[(49, 30673.74372472666), (46, 31388.479962784397), (50, 28972.508985662622)], 3826535.3671037885
[(47, 32492.370835576556), (48, 32122.84767464318), (49, 29398.46007424603), (56, 29332.62117808304), (61, 29199.764354899453)], 3744141.645238564
[(51, 29993.598575750868), (47, 31630.499988428488), (50, 30075.341027204217), (55, 29274.12627196685), (52, 29886.433375900746), (54, 29784.04066967755), (48, 30091.39943022694)], 3741225.1718881754
[(58, 28761.986726828716), (53, 29595.419659307274), (48, 30962.724277440095), (56, 29063.82934972165), (52, 29930.944151330707), (50, 30467.462225271232), (49, 30844.952059355644)], 3692409.09485716
[(45, 32191.140014505632), (55, 29118.274519788916), (50, 30287.625196710786), (48, 31706.24325849063), (49, 30458.48115464305), (47, 31803.1599076068), (54, 29356.120520972556), (51, 29802.283474817097)], 3882276.8861176125
[(49, 29870.48280060152), (52, 29586.155396802696), (46, 31260.927375985997), (56, 29101.861766067872), (53, 29450.65644282444), (51, 29746.91591364443)], 3818309.2939249324
[(47, 30544.182713483875), (52, 29232.268598575356), (49, 29486.107114294235), (56, 29057.33739733727)], 3755001.3933530087
[(48, 29773.573550464334), (54, 29132.531628060064), (46, 31027.299554319925)], 3819207.504697811
[(49, 29923.639761743696), (55, 29373.072904522283), (48, 29954.69641186335), (61, 28974.97890808601), (47, 31854.772102138584), (58, 29093.15608856728), (52, 29629.877839515826)], 3754107.1142875967
[(50, 29812.322271338093), (46, 31924.34559456495), (52, 29432.825187346232), (48, 30163.90050017251), (53, 29078.84357853436)], 3820060.389889388
[(47, 31136.743410158644), (52, 29478.729251731616), (55, 29358.340076863755), (50, 30030.726123966986), (51, 29989.644371698698), (48, 30297.58732803424)], 3738686.220224044
[(48, 30329.734292135316), (51, 29324.52567992041), (46, 32528.754788117418), (50, 30202.398107510202), (47, 31838.340274431725)], 3807869.2799295704
[(50, 29742.024849540394), (54, 29345.827344980175), (51, 29451.091765106565), (56, 29139.92949623311), (49, 30562.871079160905), (48, 31254.625596255384)], 3679238.6506555057
[(50, 30640.919945439604), (53, 28685.351801404144), (51, 30399.15987148308), (47, 30651.43904261806), (52, 29438.61078518799)], 3769355.4576040404
[(48, 30435.578320385834), (50, 30220.12157463621), (47, 31415.367131358555), (53, 29146.559817287525), (57, 29124.34730256759)], 3748119.9382244046
[(49, 30336.17339761876), (54, 29258.33013915454), (51, 30152.204821336458), (47, 32112.766226567182), (52, 29910.829466479037), (48, 31172.53506131022)], 3740185.301761482
[(47, 31722.176012330696), (49, 29172.08029366582)], 3748779.552998382
[(54, 29149.140161626896), (52, 29669.366600612226), (48, 31085.438604629526), (49, 30985.561540893843), (51, 30313.114870368263), (50, 30516.21812540319)], 3676900.4862226434
[(54, 29353.9989304947), (50, 30231.653882543087), (53, 29422.594145601124), (47, 30886.86588396912), (51, 29626.794031357356), (62, 29224.173129423154), (48, 30614.728468370293), (49, 30358.34278829906)], 3743881.656406465
[(61, 29166.232634608423), (49, 29976.590201730476), (48, 30749.89911977328), (52, 29523.733342731808), (60, 29508.43627818349)], 3676138.954505269
[(57, 28557.178336181816), (52, 29287.243440834412), (50, 29600.99389383651), (49, 31411.29773431692), (48, 31520.71650254745), (47, 31679.214576288676)], 3771791.8977391836
[(61, 29132.923467286506), (49, 30498.04134590026), (51, 29322.236586263258), (48, 31053.02365804017), (50, 29946.396011894554)], 3679096.1578973583
[(48, 30615.582588710036), (47, 31498.649078693103), (58, 29379.958996607336), (50, 29753.880766120845), (52, 29393.97914903119), (59, 29302.852721045616)], 3740601.628757981
[(49, 31381.58787105275), (48, 31383.28716308596), (54, 29821.789091018058), (55, 29133.244102280634), (45, 31676.512032181487), (50, 29835.4136225596)], 3882046.160685432
[(48, 31452.60649026857), (49, 30431.84388861251), (51, 29982.731851610282), (54, 29355.816544344572), (47, 31767.51342210393), (56, 29334.603792217564)], 3736533.79680931
[(63, 28803.703637453138), (47, 31671.93817079901), (48, 30572.588245265742), (59, 28997.737463905476), (50, 29740.43667649034), (55, 29251.004402394115), (54, 29640.765253158603)], 3759848.371328585
[(49, 29947.763784197334), (48, 30935.209713057713), (51, 29343.687607765274)], 3671328.5699380497
[(52, 29492.313915456303), (54, 29025.71475912506), (49, 29935.719703559993), (51, 29604.327022786096), (48, 32805.37225180998)], 3683551.3545676186
[(48, 30263.990377906703), (52, 29294.385164865555), (51, 29901.095368047518)], 3673176.4455846855
[(54, 29300.385417653823), (48, 30572.15378733406), (52, 29497.671542003474), (50, 29540.262659513057)], 3672962.0948102227
[(49, 30956.62336722776), (48, 31045.36199423534), (63, 29284.42939607785), (57, 29400.17764582594), (51, 30111.151541625666), (50, 30402.323816899792), (52, 29570.46695381022)], 3669707.2509811246
[(53, 29535.609076362416), (55, 28915.32053672788), (45, 29596.76053314737), (51, 29575.751730127144)], 3903007.2910353825
[(50, 30056.210500436948), (52, 29847.30971402111), (55, 29106.770107271506), (54, 29613.799511019744), (49, 30571.276891957117), (48, 30862.55188056123)], 3679340.676460328
[(56, 29269.777181921643), (55, 29464.466044102785), (54, 29582.88645845354), (48, 31621.269513417574), (49, 29705.61352075806)], 3672933.1143756835
[(50, 29896.7353522093), (49, 30481.21819617258), (48, 31363.529936306615), (51, 29658.79330229575), (62, 29057.24136173516), (57, 29359.428141085322), (53, 29590.510997385612)], 3679606.573469815
[(49, 30381.723334569568), (53, 29417.56948443029), (52, 30003.794530035466), (48, 31489.631567466753), (61, 29397.240199042906)], 3665528.4802606734
[(62, 29377.337765188735), (60, 29450.08375707584), (54, 29519.394690053334), (46, 31135.836790635312), (57, 29512.685764489117), (58, 29463.04646829633), (49, 29541.975019257065)], 3806646.649169243
[(48, 31416.390027197784), (46, 31840.695397373238), (47, 31815.252381825965), (49, 29865.314279126516), (53, 29840.4683526723), (56, 29543.63894754636)], 3796024.88632704
[(54, 29681.953406641172), (45, 29747.6054681517), (51, 29714.504623070847), (55, 29562.706299114583), (58, 29079.432469784577)], 3892664.61728694
[(46, 33025.21203489538), (48, 30443.29696211954), (50, 29056.68957507414)], 3820228.503252263
[(47, 32325.452515004952), (57, 29354.79496369037), (48, 29611.570234323157), (53, 29441.203067498966)], 3739595.7006046977
[(50, 30476.46700068772), (51, 30240.8050819814), (49, 30872.541530194383), (52, 29576.183610574673), (54, 29182.193923470037)], 3606876.898686365
[(46, 31590.891906168563), (47, 30604.786449979663), (55, 28925.746932761416), (53, 29446.521017177303), (49, 29787.93544895462)], 3827496.139389435
[(53, 29390.12825711295), (49, 30420.78655412226), (47, 31486.177355366057), (48, 30868.56925190174), (51, 29470.244377120714), (55, 29213.779676426464)], 3744462.84957683
[(51, 29093.591233354306), (48, 30759.83090496312), (50, 30639.05824912358)], 3682255.309506589
[(62, 29476.060322825255), (50, 29784.72560411674), (56, 29502.226593758212), (47, 31281.57307098561), (51, 29554.099963201483), (48, 30142.515842193246)], 3733774.5179945943
[(51, 29961.303346182507), (53, 29734.74410714998), (59, 28771.36588708775), (49, 30840.16957163039), (52, 29914.950710506255), (50, 30735.126814042927), (54, 29734.457895404692), (55, 29254.728875444605), (47, 32126.496735404868)], 3758181.337211897
[(48, 30211.39004010224), (45, 30280.690732871895), (49, 29196.798457396013)], 3889909.8164340854
[(59, 29137.06672398956), (44, 32477.97218644208), (49, 29519.86582700138), (47, 30200.414793667107), (53, 29216.776162199807)], 3954165.3978885636
[(53, 29596.141512648286), (51, 30205.27815032564), (47, 31672.113459064803), (49, 30840.746106852923), (59, 29248.808907622202), (56, 29460.186675252684), (52, 30147.58745873826)], 3738251.265482887
200 individuoes, 50 interação por resultados (Ordenando por consumo e mais mutações por individuo)
